NOP	000000000	0	0	0
SETC	000000001	0	0	0
CLRC	000000010	0	0	0
NOT	001000000	0	1	0
INC	001000001	0	1	0
DEC	001000010	0	1	0
OUT	001000011	0	1	0
IN	001000100	0	1	0
MOV	010000000	1	1	0
ADD	010000001	1	1	0
SUB	010000010	1	1	0
AND	010000011	1	1	0
OR	010000100	1	1	0
SHLR	010000101	1	1	0
SHRR	010000110	1	1	0
SHL	010000111	0	1	1
SHR	010001000	0	1	1
PUSH 	011000000	0	1	0
POP	011000001	0	1	0
LDM	011000010	0	1	1
LDD	011000011	1	1	0
STD	011000100	1	1	0
JZ	100000000	0	1	0
JN	100000001	0	1	0
JC	100000010	0	1	0
JMP	100000100	0	1	0
JMPI	100000101	1	0	1
CALL	100000110	0	1	0
CALLI	100000111	1	0	1
RET	100001000	0	0	0
INT	100001001	1	1	0
RTI	100001010	0	0	0
MOVI 010001001  0   1   1
ADDI 010001010  0   1   1
SUBI 010001011  0   1   1
ANDI 010001100  0   1   1
ORI 010001101  0   1   1